[[0.99761885, -0.0006007324, -0.00078882277, -0.02647714, 0.03965266, 0.010033591], [-0.0006007324, 0.9998484, -0.00019931234, -0.006683775, 0.010009643, 0.0025327867], [-0.00078882277, -0.00019931234, 0.9997385, -0.008772194, 0.013137683, 0.0033243299], [-0.02647714, -0.006683775, -0.008772194, 0.6438986, 0.3441445, 0.33171523], [0.03965266, 0.010009643, 0.013137683, 0.3441445, 0.18734588, 0.17879266], [0.010033591, 0.0025327867, 0.0033243299, 0.33171523, 0.17879266, 0.17154905]]
[[0.99285614, -0.0019395263, -0.002309233, -0.03801315, 0.07465129, -0.008116096], [-0.0019395263, 0.99947345, -0.0006272681, -0.010322103, 0.020270698, -0.0022038529], [-0.002309233, -0.0006272681, 0.99925333, -0.012287915, 0.02413182, -0.002623558], [-0.03801315, -0.010322103, -0.012287915, 0.6362055, 0.35472372, 0.322361], [0.07465129, 0.020270698, 0.02413182, 0.35472372, 0.20872548, 0.1810088], [-0.008116096, -0.0022038529, -0.002623558, 0.322361, 0.1810088, 0.16348614]]
[[0.90697753, -0.025856584, -0.029810846, -0.08634783, 0.07079065, 0.26522648], [-0.025856584, 0.99281305, -0.008286061, -0.024000954, 0.01967682, 0.073721655], [-0.029810846, -0.008286061, 0.9904459, -0.027671397, 0.022686273, 0.08499679], [-0.08634783, -0.024000954, -0.027671397, 0.7455876, 0.4142324, 0.09643883], [0.07079065, 0.01967682, 0.022686273, 0.4142324, 0.24908487, 0.09767244], [0.26522648, 0.073721655, 0.08499679, 0.09643883, 0.09767244, 0.115090646]]
[[0.99885255, -0.00034740742, -0.0003438294, -0.018986871, 0.004254129, 0.027692195], [-0.00034740742, 0.9998942, -0.000104150735, -0.0057544364, 0.0012892829, 0.008392751], [-0.0003438294, -0.000104150735, 0.9998966, -0.005690336, 0.001275003, 0.008299515], [-0.018986871, -0.0057544364, -0.005690336, 0.4320375, 0.43939406, 0.22778921], [0.004254129, 0.0012892829, 0.001275003, 0.43939406, 0.44753358, 0.23272023], [0.027692195, 0.008392751, 0.008299515, 0.22778921, 0.23272023, 0.12178421]]
[[0.42382523, -0.09789816, -0.08566088, -0.077873565, 0.22471096, 0.4131782], [-0.09789816, 0.9833661, -0.014554697, -0.013231538, 0.03818076, 0.07020334], [-0.08566088, -0.014554697, 0.98726463, -0.011577599, 0.03340816, 0.061427914], [-0.077873565, -0.013231538, -0.011577599, 0.98947495, 0.030371055, 0.05584357], [0.22471096, 0.03818076, 0.03340816, 0.030371055, 0.14062764, 0.25857338], [0.4131782, 0.07020334, 0.061427914, 0.05584357, 0.25857338, 0.47544134]]
[[0.35894546, -0.096888825, -0.073820174, -0.07266673, 0.23462793, 0.3936192], [-0.096888825, 0.98535556, -0.011157026, -0.010982828, 0.035461698, 0.059491668], [-0.073820174, -0.011157026, 0.9914992, -0.008367887, 0.027018396, 0.04532692], [-0.07266673, -0.010982828, -0.008367887, 0.9917629, 0.026596248, 0.044618696], [0.23462793, 0.035461698, 0.027018396, 0.026596248, 0.17628673, 0.29574415], [0.3936192, 0.059491668, 0.04532692, 0.044618696, 0.29574415, 0.49614972]]
[[0.987989, -0.0020475108, -0.0017028525, 0.09871551, 0.019613601, -0.04159884], [-0.0020475108, 0.99965084, -0.00029048976, 0.016829884, 0.0033438676, -0.0070922044], [-0.0017028525, -0.00029048976, 0.99975854, 0.013995528, 0.0027807206, -0.005897641], [0.09871551, 0.016829884, 0.013995528, 0.0834372, 0.12301533, 0.22609471], [0.019613601, 0.0033438676, 0.0027807206, 0.12301533, 0.2006041, 0.38055977], [-0.04159884, -0.0070922044, -0.005897641, 0.22609471, 0.38055977, 0.7285607]]
[[0.7906023, -0.057619505, -0.07448371, -0.10118538, 0.35173857, 0.15074511], [-0.057619505, 0.98414505, -0.020495523, -0.027842984, 0.096787125, 0.0414802], [-0.07448371, -0.020495523, 0.9735058, -0.035992146, 0.12511507, 0.05362075], [-0.10118538, -0.027842984, -0.035992146, 0.951105, 0.1699676, 0.07284327], [0.35173857, 0.096787125, 0.12511507, 0.1699676, 0.25399083, 0.10885321], [0.15074511, 0.0414802, 0.05362075, 0.07284327, 0.10885321, 0.04665138]]
[[0.92959493, -0.012138742, -0.010241987, -0.15037568, -0.093343906, 0.18403792], [-0.012138742, 0.9979071, -0.0017656483, -0.02592633, -0.016093457, 0.03173013], [-0.010241987, -0.0017656483, 0.9985102, -0.0218755, -0.013578862, 0.02677229], [-0.15037568, -0.02592633, -0.0218755, 0.27813905, 0.28369173, 0.3106979], [-0.093343906, -0.016093457, -0.013578862, 0.28369173, 0.29386106, 0.34332097], [0.18403792, 0.03173013, 0.02677229, 0.3106979, 0.34332097, 0.5019876]]
[[0.9975728, -0.020332426, -0.009673998, -0.007037103, 0.042247884, -0.008945772], [-0.020332426, 0.7616977, -0.1115209, -0.07927054, 0.3634995, 0.17392036], [-0.009673998, -0.1115209, 0.9477739, -0.03715989, 0.17268842, 0.07593362], [-0.007037103, -0.07927054, -0.03715989, 0.9735229, 0.12535542, 0.048456304], [0.042247884, 0.3634995, 0.17268842, 0.12535542, 0.26331377, 0.120530576], [-0.008945772, 0.17392036, 0.07593362, 0.048456304, 0.120530576, 0.056119237]]
[[0.9998639, -2.3679226e-5, -2.0720065e-5, 0.0035912804, 0.009021215, -0.006392276], [-2.3679226e-5, 0.9999959, -3.8528815e-6, 0.00063146674, 0.0015863124, -0.0011242018], [-2.0720065e-5, -3.8528815e-6, 0.9999969, 0.0005477518, 0.0013759732, -0.0009749234], [0.0035912804, 0.00063146674, 0.0005477518, 0.16820654, 0.16937901, 0.333482], [0.009021215, 0.0015863124, 0.0013759732, 0.16937901, 0.17059045, 0.33572948], [-0.006392276, -0.0011242018, -0.0009749234, 0.333482, 0.33572948, 0.66134524]]
[[0.99020016, -0.003103945, -0.0027664527, 0.03486719, -0.0434821, 0.08111785], [-0.003103945, 0.999017, -0.00087621063, 0.011043066, -0.013771725, 0.025691558], [-0.0027664527, -0.00087621063, 0.99921906, 0.0098427385, -0.012274772, 0.022899017], [0.03486719, 0.011043066, 0.0098427385, 0.20862006, 0.38570338, 0.12204942], [-0.0434821, -0.013771725, -0.012274772, 0.38570338, 0.7271086, 0.21776935], [0.08111785, 0.025691558, 0.022899017, 0.12204942, 0.21776935, 0.07583504]]
[[0.98705184, -0.049773738, -0.01691895, -0.030966677, 0.092895806, 0.020693658], [-0.049773738, 0.8014534, -0.06699105, -0.12294483, 0.3335083, 0.1606776], [-0.01691895, -0.06699105, 0.9773636, -0.041521125, 0.11499551, 0.04901073], [-0.030966677, -0.12294483, -0.041521125, 0.9238246, 0.20939147, 0.09343265], [0.092895806, 0.3335083, 0.11499551, 0.20939147, 0.25632071, 0.11702254], [0.020693658, 0.1606776, 0.04901073, 0.09343265, 0.11702254, 0.053985983]]
[[0.99137485, 0.032428727, 0.007261567, 0.003404487, 0.06307494, -0.05879106], [0.032428727, 0.32480687, -0.17713422, -0.08771628, 0.20682281, 0.3693364], [0.007261567, -0.17713422, 0.9533099, -0.023154534, 0.06713011, 0.08965663], [0.003404487, -0.08771628, -0.023154534, 0.98851204, 0.035219923, 0.043285854], [0.06307494, 0.20682281, 0.06713011, 0.035219923, 0.18247993, 0.31093404], [-0.05879106, 0.3693364, 0.08965663, 0.043285854, 0.31093404, 0.5595163]]
[[0.92668605, -0.07456292, -0.050902545, -0.059047103, 0.13255723, 0.19680169], [-0.07456292, 0.86478794, -0.08030166, -0.08858493, 0.30832368, 0.04484564], [-0.050902545, -0.08030166, 0.9509481, -0.054706693, 0.17540744, 0.062014397], [-0.059047103, -0.08858493, -0.054706693, 0.93873364, 0.19013348, 0.08387742], [0.13255723, 0.30832368, 0.17540744, 0.19013348, 0.25332934, 0.09798082], [0.19680169, 0.04484564, 0.062014397, 0.08387742, 0.09798082, 0.065515764]]
[[0.5248989, -0.084956124, -0.07723283, -0.11413297, 0.20375781, 0.42620897], [-0.084956124, 0.98480844, -0.013810533, -0.020408906, 0.036435355, 0.07621339], [-0.07723283, -0.013810533, 0.98744494, -0.018553555, 0.033123042, 0.06928489], [-0.11413297, -0.020408906, -0.018553555, 0.9725819, 0.048948504, 0.1023877], [0.20375781, 0.036435355, 0.033123042, 0.048948504, 0.09864698, 0.20634416], [0.42620897, 0.07621339, 0.06928489, 0.1023877, 0.20634416, 0.43161896]]
[[0.98624426, -0.0030117398, -0.003231164, -0.06798594, 0.09232996, -0.019998666], [-0.0030117398, 0.9993411, -0.00070729665, -0.014884097, 0.020213574, -0.0043784054], [-0.003231164, -0.00070729665, 0.999241, -0.015969396, 0.021687523, -0.004697591], [-0.06798594, -0.014884097, -0.015969396, 0.14711429, 0.16344096, 0.30603936], [0.09232996, 0.020213574, 0.021687523, 0.16344096, 0.21429212, 0.36366788], [-0.019998666, -0.0043784054, -0.004697591, 0.30603936, 0.36366788, 0.6537674]]
[[0.97973406, -0.06369073, -0.022439724, -0.040374845, 0.11331638, 0.028709386], [-0.06369073, 0.7943459, -0.072009176, -0.12986171, 0.33386764, 0.16058293], [-0.022439724, -0.072009176, 0.97475076, -0.045510888, 0.1194434, 0.0508423], [-0.040374845, -0.12986171, -0.045510888, 0.9179523, 0.21369985, 0.09530335], [0.11331638, 0.33386764, 0.1194434, 0.21369985, 0.27606195, 0.12493679], [0.028709386, 0.16058293, 0.0508423, 0.09530335, 0.12493679, 0.057154633]]
[[0.9793111, -0.0036898847, -0.0033173338, 0.015392871, 0.13130428, -0.05251523], [-0.0036898847, 0.99934185, -0.0005919188, 0.002745469, 0.023419598, -0.009366741], [-0.0033173338, -0.0005919188, 0.9994684, 0.0024681464, 0.021053992, -0.008420557], [0.015392871, 0.002745469, 0.0024681464, 0.19882147, 0.13003841, 0.37700254], [0.13130428, 0.023419598, 0.021053992, 0.13003841, 0.10096313, 0.2358537], [-0.05251523, -0.009366741, -0.008420557, 0.37700254, 0.2358537, 0.7220936]]
[[0.9390557, -0.010865181, -0.009658039, 0.08528267, -0.19522299, 0.107858755], [-0.010865181, 0.9980629, -0.0017217323, 0.015204193, -0.0348043, 0.019229067], [-0.009658039, -0.0017217323, 0.99846935, 0.013514891, -0.030937105, 0.017092556], [0.08528267, 0.015204193, 0.013514891, 0.15330751, 0.19794348, 0.28798565], [-0.19522299, -0.0348043, -0.030937105, 0.19794348, 0.36685753, 0.3909105], [0.107858755, 0.019229067, 0.017092556, 0.28798565, 0.3909105, 0.5442466]]
[[0.96799225, -0.08224507, -0.05015338, -0.033466935, 0.13748556, 0.04100313], [-0.08224507, 0.7851812, -0.13075963, -0.08693889, 0.33370563, 0.16090797], [-0.05015338, -0.13075963, 0.92039096, -0.05295129, 0.20482922, 0.09433515], [-0.033466935, -0.08693889, -0.05295129, 0.9647516, 0.13845384, 0.05791577], [0.13748556, 0.33370563, 0.20482922, 0.13845384, 0.2995606, 0.13578612], [0.04100313, 0.16090797, 0.09433515, 0.05791577, 0.13578612, 0.06212314]]
[[0.99115086, -0.0024437208, -0.00283131, 0.002686508, -0.03217662, 0.08782946], [-0.0024437208, 0.99932474, -0.0007817857, 0.00074198283, -0.008886447, 0.024256576], [-0.00283131, -0.0007817857, 0.9990939, 0.0008596778, -0.0102953315, 0.028102107], [0.002686508, 0.00074198283, 0.0008596778, 0.48863578, 0.47390383, 0.15898901], [-0.03217662, -0.008886447, -0.0102953315, 0.47390383, 0.46105698, 0.15059318], [0.08782946, 0.024256576, 0.028102107, 0.15898901, 0.15059318, 0.060736913]]
[[0.49116513, -0.089599356, -0.07954219, 0.22400592, -0.10605641, 0.41730136], [-0.089599356, 0.9842225, -0.014006481, 0.03944462, -0.018675065, 0.07348152], [-0.07954219, -0.014006481, 0.9875655, 0.03501712, -0.016578974, 0.06523361], [0.22400592, 0.03944462, 0.03501712, 0.1250785, 0.046689533, 0.23300916], [-0.10605641, -0.018675065, -0.016578974, 0.046689533, 0.9778945, 0.08697809], [0.41730136, 0.07348152, 0.06523361, 0.23300916, 0.08697809, 0.43407354]]
[[0.92898834, 0.25388384, -0.010966141, -0.015429109, -0.008650456, -0.0328448], [0.25388384, 0.09155378, 0.03920666, 0.05516287, 0.055399053, 0.10519279], [-0.010966141, 0.03920666, 0.99830645, -0.0023826808, -0.0013358747, -0.005072152], [-0.015429109, 0.05516287, -0.0023826808, 0.9966476, -0.0018795431, -0.007136397], [-0.008650456, 0.055399053, -0.0013358747, -0.0018795431, 0.19954549, 0.39569923], [-0.0328448, 0.10519279, -0.005072152, -0.007136397, 0.39569923, 0.78495806]]
[[0.6045301, -0.107741475, -0.1356745, 0.4130327, -0.13966501, 0.13767757], [-0.107741475, 0.9706468, -0.036963142, 0.11252656, -0.03805033, 0.03750885], [-0.1356745, -0.036963142, 0.95345366, 0.14170001, -0.0479151, 0.047233358], [0.4130327, 0.11252656, 0.14170001, 0.4686239, 0.14586768, 0.15620798], [-0.13966501, -0.03805033, -0.0479151, 0.14586768, 0.9506755, 0.048622563], [0.13767757, 0.03750885, 0.047233358, 0.15620798, 0.048622563, 0.052069325]]
[[0.31124038, 0.43625885, 0.060467303, -6.3329016e-6, -1.619825e-5, 0.14279938], [0.43625885, 0.6563928, -0.115605235, 4.8923457e-6, 1.0767304e-5, 0.1478338], [0.060467303, -0.115605235, 0.905869, 1.4645922e-6, 2.2883141e-6, 0.2612459], [-6.3329016e-6, 4.8923457e-6, 1.4645922e-6, 1.0, -1.638926e-7, -1.6930483e-6], [-1.619825e-5, 1.0767304e-5, 2.2883141e-6, -1.638926e-7, 1.0000001, 5.9092855e-7], [0.14279938, 0.1478338, 0.2612459, -1.6930483e-6, 5.9092855e-7, 0.12649757]]
[[0.4885282, -0.09002935, -0.07716797, -0.10748408, 0.2196661, 0.4195262], [-0.09002935, 0.98415273, -0.013583235, -0.018919248, 0.038665704, 0.07384514], [-0.07716797, -0.013583235, 0.9883572, -0.016216587, 0.033142038, 0.063295856], [-0.10748408, -0.018919248, -0.016216587, 0.9774124, 0.046162095, 0.088162035], [0.2196661, 0.038665704, 0.033142038, 0.046162095, 0.12082888, 0.23076336], [0.4195262, 0.07384514, 0.063295856, 0.088162035, 0.23076336, 0.44072023]]
[[0.95362675, 0.016635178, -0.0012704832, -0.0038521886, -0.1701711, 0.122357704], [0.016635178, 0.27993023, -0.16497497, -0.16404885, 0.24187405, 0.29775953], [-0.0012704832, -0.16497497, 0.961641, -0.03842962, 0.037229404, 0.08250013], [-0.0038521886, -0.16404885, -0.03842962, 0.9613558, 0.027755529, 0.08931211], [-0.1701711, 0.24187405, 0.037229404, 0.027755529, 0.32975018, 0.36248773], [0.122357704, 0.29775953, 0.08250013, 0.08931211, 0.36248773, 0.51369584]]
[[0.34503415, 0.24025482, 0.07214761, 8.869337e-6, 3.523864e-5, 0.4038044], [0.24025482, 0.5353967, -0.41237354, -4.3408636e-6, -1.568878e-5, 0.14481975], [0.07214761, -0.41237354, 0.59647226, -1.9817803e-6, -6.805705e-6, 0.2558043], [8.869337e-6, -4.3408636e-6, -1.9817803e-6, 0.9999999, 5.9602083e-8, -4.605332e-6], [3.523864e-5, -1.568878e-5, -6.805705e-6, 5.9602083e-8, 0.9999999, -1.945989e-5], [0.4038044, 0.14481975, 0.2558043, -4.605332e-6, -1.945989e-5, 0.52309686]]
[[0.32773882, 0.36779326, -0.20043708, 0.13775714, 0.110731915, 0.11679303], [0.36779326, 0.7565073, 0.10965888, -0.10525866, -0.090473115, 0.13282435], [-0.20043708, 0.10965888, 0.94023895, 0.041072786, 0.033015117, 0.034822263], [0.13775714, -0.10525866, 0.041072786, 0.95063454, -0.04382746, 0.11517046], [0.110731915, -0.090473115, 0.033015117, -0.04382746, 0.96062386, 0.11986558], [0.11679303, 0.13282435, 0.034822263, 0.11517046, 0.11986558, 0.06425638]]
[[0.5457745, -0.08099563, -0.07768967, -0.116534576, 0.19355133, 0.4292624], [-0.08099563, 0.98555714, -0.013853418, -0.020779956, 0.034513317, 0.0765444], [-0.07768967, -0.013853418, 0.9867121, -0.019931804, 0.033104613, 0.07342014], [-0.116534576, -0.020779956, -0.019931804, 0.97010225, 0.049656898, 0.11013016], [0.19355133, 0.034513317, 0.033104613, 0.049656898, 0.08648028, 0.19179787], [0.4292624, 0.0765444, 0.07342014, 0.11013016, 0.19179787, 0.42537346]]
[[0.91645455, -0.15132268, -0.034780707, -0.06146662, -0.07054031, 0.20905371], [-0.15132268, 0.4792684, -0.10327825, -0.19189467, 0.2881614, 0.31007206], [-0.034780707, -0.10327825, 0.9789419, -0.038746223, 0.03856113, 0.07583087], [-0.06146662, -0.19189467, -0.038746223, 0.92846304, 0.08395699, 0.13140625], [-0.07054031, 0.2881614, 0.03856113, 0.08395699, 0.23904772, 0.2921562], [0.20905371, 0.31007206, 0.07583087, 0.13140625, 0.2921562, 0.45782447]]
[[0.9573206, 0.009272183, -0.0024141876, -0.0044834428, -0.16134477, 0.1213017], [0.009272183, 0.2772522, -0.16644241, -0.16599287, 0.2417957, 0.2942373], [-0.0024141876, -0.16644241, 0.9611835, -0.038933564, 0.038768087, 0.081130266], [-0.0044834428, -0.16599287, -0.038933564, 0.960849, 0.030945554, 0.0870114], [-0.16134477, 0.2417957, 0.038768087, 0.030945554, 0.3307527, 0.36660263], [0.1213017, 0.2942373, 0.081130266, 0.0870114, 0.36660263, 0.5126424]]
[[0.98558766, -0.003980574, -0.0050483346, -0.06413223, 0.09796899, 0.02127209], [-0.003980574, 0.9989007, -0.0013941079, -0.01771182, 0.027056716, 0.0058748475], [-0.0050483346, -0.0013941079, 0.99823177, -0.022463858, 0.034315854, 0.0074510276], [-0.06413223, -0.01771182, -0.022463858, 0.70424384, 0.40798926, 0.19208847], [0.09796899, 0.027056716, 0.034315854, 0.40798926, 0.2587959, 0.11771898], [0.02127209, 0.0058748475, 0.0074510276, 0.19208847, 0.11771898, 0.05424028]]
[[0.61468625, -0.107688755, -0.1115348, -0.137175, 0.40401992, 0.17538849], [-0.107688755, 0.96990275, -0.031172106, -0.038338125, 0.112916835, 0.04901816], [-0.1115348, -0.031172106, 0.96771455, -0.039707296, 0.11694957, 0.050768804], [-0.137175, -0.038338125, -0.039707296, 0.9511646, 0.14383453, 0.062439807], [0.40401992, 0.112916835, 0.11694957, 0.14383453, 0.4177978, 0.1813696], [0.17538849, 0.04901816, 0.050768804, 0.062439807, 0.1813696, 0.078734085]]
[[0.99834, 0.016705493, 0.0042255507, 0.0020789206, 0.026537448, -0.02552221], [0.016705493, 0.3173047, -0.18187891, -0.09059876, 0.19391938, 0.3707432], [0.0042255507, -0.18187891, 0.95150465, -0.02416151, 0.057287868, 0.09581277], [0.0020789206, -0.09059876, -0.02416151, 0.9879616, 0.029185135, 0.047385886], [0.026537448, 0.19391938, 0.057287868, 0.029185135, 0.16256575, 0.30609715], [-0.02552221, 0.3707432, 0.09581277, 0.047385886, 0.30609715, 0.5823227]]
[[0.91172224, -0.1636334, -0.03691664, -0.06495927, -0.060239594, 0.21094382], [-0.1636334, 0.47563633, -0.10453033, -0.1926116, 0.28607947, 0.30457056], [-0.03691664, -0.10453033, 0.9786661, -0.038956847, 0.039765924, 0.07409723], [-0.06495927, -0.1926116, -0.038956847, 0.92861617, 0.08558735, 0.1269895], [-0.060239594, 0.28607947, 0.039765924, 0.08558735, 0.24322335, 0.2994811], [0.21094382, 0.30457056, 0.07409723, 0.1269895, 0.2994811, 0.46213537]]
[[0.45396274, -0.15158606, -0.15339068, 0.26870978, 0.3443659, -0.10286201], [-0.15158606, 0.95791775, -0.042583093, 0.07459697, 0.095599994, -0.028555773], [-0.15339068, -0.042583093, 0.95690984, 0.07548498, 0.0967381, -0.028895594], [0.26870978, 0.07459697, 0.07548498, 0.24621232, 0.3155342, 0.050619375], [0.3443659, 0.095599994, 0.0967381, 0.3155342, 0.4043739, 0.064871415], [-0.10286201, -0.028555773, -0.028895594, 0.050619375, 0.064871415, 0.98062277]]
[[0.45544356, -0.09294141, -0.07826644, -0.099789694, 0.22992876, 0.41282657], [-0.09294141, 0.9841374, -0.013358021, -0.017031472, 0.039242763, 0.0704586], [-0.07826644, -0.013358021, 0.9887511, -0.014342293, 0.033046544, 0.059333563], [-0.099789694, -0.017031472, -0.014342293, 0.98171353, 0.042134337, 0.075650275], [0.22992876, 0.039242763, 0.033046544, 0.042134337, 0.1396786, 0.25078657], [0.41282657, 0.0704586, 0.059333563, 0.075650275, 0.25078657, 0.45027587]]
[[0.9777817, 0.07139265, 0.02085234, 0.018898487, 0.09855544, -0.07824742], [0.07139265, 0.37250572, -0.19754668, -0.19126858, 0.120277815, 0.3722542], [0.02085234, -0.19754668, 0.9376218, -0.060544558, 0.050792225, 0.11305851], [0.018898487, -0.19126858, -0.060544558, 0.9411174, 0.059458986, 0.10617755], [0.09855544, 0.120277815, 0.050792225, 0.059458986, 0.0832146, 0.21446398], [-0.07824742, 0.3722542, 0.11305851, 0.10617755, 0.21446398, 0.68775904]]
[[0.9278533, -0.095896944, -0.026239235, -0.046131425, -0.124158956, 0.198779], [-0.095896944, 0.49729037, -0.09616029, -0.18388417, 0.2941647, 0.33347166], [-0.026239235, -0.09616029, 0.9804485, -0.036794722, 0.02983826, 0.08360505], [-0.046131425, -0.18388417, -0.036794722, 0.9304689, 0.07059927, 0.14972268], [-0.124158956, 0.2941647, 0.02983826, 0.07059927, 0.22439921, 0.257335], [0.198779, 0.33347166, 0.08360505, 0.14972268, 0.257335, 0.43953937]]
[[0.65054905, -0.097707525, -0.09655815, -0.12904686, 0.43626943, -0.038477503], [-0.097707525, 0.9726804, -0.026997836, -0.036081947, 0.12198238, -0.010758443], [-0.09655815, -0.026997836, 0.9733188, -0.03565687, 0.120547235, -0.01063174], [-0.12904686, -0.036081947, -0.03565687, 0.7529131, 0.13729504, 0.3846534], [0.43626943, 0.12198238, 0.120547235, 0.13729504, 0.4524989, 0.09566234], [-0.038477503, -0.010758443, -0.01063174, 0.3846534, 0.09566234, 0.19803792]]
[[0.6324436, -0.07492076, -0.08657515, -0.01659557, -0.09784001, 0.45771402], [-0.07492076, 0.98472816, -0.017646914, -0.0033827769, -0.019943248, 0.093298115], [-0.08657515, -0.017646914, 0.9796075, -0.0039089024, -0.023045361, 0.10781115], [-0.01659557, -0.0033827769, -0.0039089024, 0.20242992, 0.39399275, 0.076938935], [-0.09784001, -0.019943248, -0.023045361, 0.39399275, 0.77475065, 0.09370284], [0.45771402, 0.093298115, 0.10781115, 0.076938935, 0.09370284, 0.42603922]]
[[0.9317034, -0.015721248, -0.012430916, -0.030076403, -0.21074705, 0.13383307], [-0.015721248, 0.996381, -0.0028617433, -0.0069234194, -0.048512876, 0.030807717], [-0.012430916, -0.0028617433, 0.9977376, -0.005474273, -0.03835901, 0.024359569], [-0.030076403, -0.0069234194, -0.005474273, 0.09942944, 0.15695669, 0.25283462], [-0.21074705, -0.048512876, -0.03835901, 0.15695669, 0.27937722, 0.35840055], [0.13383307, 0.030807717, 0.024359569, 0.25283462, 0.35840055, 0.69537127]]
[[0.5584048, -0.123372, -0.117633775, -0.13197933, 0.41070932, 0.17728458], [-0.123372, 0.96553266, -0.032864287, -0.036872122, 0.11474313, 0.04952942], [-0.117633775, -0.032864287, 0.9686643, -0.035157137, 0.10940623, 0.04722573], [-0.13197933, -0.036872122, -0.035157137, 0.9605554, 0.122748464, 0.05298496], [0.41070932, 0.11474313, 0.10940623, 0.122748464, 0.46095508, 0.19897342], [0.17728458, 0.04952942, 0.04722573, 0.05298496, 0.19897342, 0.08588782]]
[[0.99149084, -0.0014386461, -0.0011633188, 0.07651416, 0.031397093, -0.03991669], [-0.0014386461, 0.99975663, -0.00019688765, 0.012938464, 0.0053091915, -0.0067499615], [-0.0011633188, -0.00019688765, 0.999841, 0.010461047, 0.0042925626, -0.005457327], [0.07651416, 0.012938464, 0.010461047, 0.07317848, 0.1199189, 0.2175123], [0.031397093, 0.0053091915, 0.0042925626, 0.1199189, 0.20670997, 0.38544527], [-0.03991669, -0.0067499615, -0.005457327, 0.2175123, 0.38544527, 0.7290234]]
[[0.9942314, -0.033019956, -0.0020605763, -0.020776428, 0.06487699, 0.00036041532], [-0.033019956, 0.7821917, -0.011794969, -0.13538262, 0.35051215, 0.1671862], [-0.0020605763, -0.011794969, 0.9992639, -0.0074214963, 0.023174515, 0.00012873998], [-0.020776428, -0.13538262, -0.0074214963, 0.9157672, 0.2217494, 0.09565416], [0.06487699, 0.35051215, 0.023174515, 0.2217494, 0.255275, 0.11546452], [0.00036041532, 0.1671862, 0.00012873998, 0.09565416, 0.11546452, 0.05327094]]
[[0.55238295, -0.12657619, -0.11784678, -0.13094088, 0.41126084, 0.17625466], [-0.12657619, 0.964207, -0.03332445, -0.03702715, 0.11629546, 0.049840912], [-0.11784678, -0.03332445, 0.96897376, -0.03447357, 0.10827507, 0.0464036], [-0.13094088, -0.03702715, -0.03447357, 0.961696, 0.12030563, 0.05155956], [0.41126084, 0.11629546, 0.10827507, 0.12030563, 0.46697032, 0.20013015], [0.17625466, 0.049840912, 0.0464036, 0.05155956, 0.20013015, 0.08577008]]
[[0.9619015, -0.022967404, -0.0089854235, -0.009945224, -0.14085993, 0.12687929], [-0.022967404, 0.26610705, -0.1722247, -0.17280331, 0.23830636, 0.28009695], [-0.0089854235, -0.1722247, 0.95923764, -0.040988684, 0.04165722, 0.07709257], [-0.009945224, -0.17280331, -0.040988684, 0.95876074, 0.038108617, 0.08028898], [-0.14085993, 0.23830636, 0.04165722, 0.038108617, 0.33411318, 0.3777069], [0.12687929, 0.28009695, 0.07709257, 0.08028898, 0.3777069, 0.51987976]]
[[0.21423101, -0.19700277, -0.13203378, -0.26197177, 0.104405195, 0.18045342], [-0.19700277, 0.9506087, -0.03310263, -0.06567982, 0.026175776, 0.045242067], [-0.13203378, -0.03310263, 0.97781426, -0.04401946, 0.017543335, 0.030321818], [-0.26197177, -0.06567982, -0.04401946, 0.91265976, 0.034808204, 0.060162306], [0.104405195, 0.026175776, 0.017543335, 0.034808204, 0.2369209, 0.40949285], [0.18045342, 0.045242067, 0.030321818, 0.060162306, 0.40949285, 0.70776546]]
[[0.98348886, 0.043197062, 0.008725824, 0.008408288, -0.06946069, 0.09695734], [0.043197062, 0.4394747, -0.14402078, -0.14319007, 0.4274644, 0.14317647], [0.008725824, -0.14402078, 0.96256834, -0.037263997, 0.10325783, 0.056229517], [0.008408288, -0.14319007, -0.037263997, 0.9628978, 0.101922035, 0.05809413], [-0.06946069, 0.4274644, 0.10325783, 0.101922035, 0.57284224, 0.18998183], [0.09695734, 0.14317647, 0.056229517, 0.05809413, 0.18998183, 0.07872812]]
[[0.21939896, -0.19818644, -0.12934272, -0.26494396, 0.106876805, 0.18340589], [-0.19818644, 0.94968265, -0.03283875, -0.06726649, 0.027134914, 0.046564825], [-0.12934272, -0.03283875, 0.9785685, -0.043900225, 0.017709091, 0.03038967], [-0.26494396, -0.06726649, -0.043900225, 0.9100753, 0.03627509, 0.06224984], [0.106876805, 0.027134914, 0.017709091, 0.03627509, 0.23886353, 0.4099016], [0.18340589, 0.046564825, 0.03038967, 0.06224984, 0.4099016, 0.70341134]]
[[0.97936106, -0.003695957, -0.003696084, -0.10969459, 0.008049188, 0.089933366], [-0.003695957, 0.99933803, -0.0006618202, -0.019644223, 0.0014414494, 0.016105305], [-0.003696084, -0.0006618202, 0.99933785, -0.019644052, 0.0014414787, 0.016105354], [-0.10969459, -0.019644223, -0.019644052, 0.38680878, 0.20593613, 0.42658335], [0.008049188, 0.0014414494, 0.0014414787, 0.20593613, 0.114612624, 0.24289492], [0.089933366, 0.016105305, 0.016105354, 0.42658335, 0.24289492, 0.52054137]]
[[0.3041839, -0.020693723, -0.16714703, 0.28539586, 0.2853895, 0.14279984], [-0.020693723, 0.99597424, -0.005129479, -0.0054134103, -0.0054141227, 0.059132304], [-0.16714703, -0.005129479, 0.95984125, 0.067910664, 0.06790912, 0.036854483], [0.28539586, -0.0054134103, 0.067910664, 0.82628065, -0.1737171, 0.16514051], [0.2853895, -0.0054141227, 0.06790912, -0.1737171, 0.82628554, 0.16514303], [0.14279984, 0.059132304, 0.036854483, 0.16514051, 0.16514303, 0.087435186]]
[[0.9622925, -0.006187632, -0.004963856, -0.041248098, -0.13555166, 0.12707269], [-0.006187632, 0.99898475, -0.0008147219, -0.0067688087, -0.02224396, 0.020852474], [-0.004963856, -0.0008147219, 0.9993466, -0.0054298267, -0.017843962, 0.01672788], [-0.041248098, -0.0067688087, -0.0054298267, 0.09973692, 0.19291513, 0.22538084], [-0.13555166, -0.02224396, -0.017843962, 0.19291513, 0.37658882, 0.422334], [0.12707269, 0.020852474, 0.01672788, 0.22538084, 0.422334, 0.5630511]]
[[0.9922321, -0.0021679508, -0.002794601, -0.043389596, 0.07623743, -0.00020259619], [-0.0021679508, 0.9993951, -0.00077976286, -0.012108386, 0.021274999, -5.6527555e-5], [-0.002794601, -0.00077976286, 0.99899465, -0.015609711, 0.027426794, -7.288158e-5], [-0.043389596, -0.012108386, -0.015609711, 0.7211785, 0.4056018, 0.18518728], [0.07623743, 0.021274999, 0.027426794, 0.4056018, 0.24049993, 0.105498165], [-0.00020259619, -5.6527555e-5, -7.288158e-5, 0.18518728, 0.105498165, 0.047699485]]
[[0.56881535, -0.084308684, -0.07538192, -0.012904883, -0.11108384, 0.4690074], [-0.084308684, 0.983515, -0.014739153, -0.0025232637, -0.02172001, 0.091704145], [-0.07538192, -0.014739153, 0.98682106, -0.002256006, -0.019420177, 0.0819943], [-0.012904883, -0.0025232637, -0.002256006, 0.20486827, 0.3940481, 0.08628648], [-0.11108384, -0.02172001, -0.019420177, 0.3940481, 0.77269566, 0.0847031], [0.4690074, 0.091704145, 0.0819943, 0.08628648, 0.0847031, 0.4832842]]
[[0.96191263, -0.043246176, -0.013460526, -0.013872318, -0.13099217, 0.13127857], [-0.043246176, 0.25970173, -0.17540756, -0.17587511, 0.23506221, 0.27098414], [-0.013460526, -0.17540756, 0.95814824, -0.04199731, 0.042617258, 0.07464059], [-0.013872318, -0.17587511, -0.04199731, 0.95785266, 0.04120096, 0.07605998], [-0.13099217, 0.23506221, 0.042617258, 0.04120096, 0.33637777, 0.38379788], [0.13127857, 0.27098414, 0.07464059, 0.07605998, 0.38379788, 0.5260071]]
[[0.9986456, -0.00038674337, -0.0003317017, 0.014802417, 0.008018082, -0.0326884], [-0.00038674337, 0.99988955, -9.498978e-5, 0.004230634, 0.0022915632, -0.009342654], [-0.0003317017, -9.498978e-5, 0.9999188, 0.003626287, 0.0019643009, -0.008007914], [0.014802417, 0.004230634, 0.003626287, 0.1738104, 0.34223056, 0.16195193], [0.008018082, 0.0022915632, 0.0019643009, 0.34223056, 0.674359, 0.32000592], [-0.0326884, -0.009342654, -0.008007914, 0.16195193, 0.32000592, 0.15337652]]
[[0.9190972, -0.022980697, -0.007389757, -0.01537202, -0.045312963, 0.2673674], [-0.022980697, 0.99347246, -0.0020990367, -0.0043663923, -0.012871073, 0.075945675], [-0.007389757, -0.0020990367, 0.33453074, -0.19412656, 0.4246195, 0.067631915], [-0.01537202, -0.0043663923, -0.19412656, 0.94120944, 0.115686506, 0.06332767], [-0.045312963, -0.012871073, 0.4246195, 0.115686506, 0.6980935, 0.12188077], [0.2673674, 0.075945675, 0.067631915, 0.06332767, 0.12188077, 0.11359671]]
[[0.9955964, -0.0007076444, -0.0005487921, 0.025315264, 0.050630532, -0.034336384], [-0.0007076444, 0.99988616, -8.8386936e-5, 0.0040693767, 0.008138754, -0.0055195796], [-0.0005487921, -8.8386936e-5, 0.9999316, 0.0031550713, 0.006309852, -0.0042791665], [0.025315264, 0.0040693767, 0.0031550713, 0.05446478, 0.108929574, 0.19739638], [0.050630532, 0.008138754, 0.006309852, 0.108929574, 0.21785916, 0.39479282], [-0.034336384, -0.0055195796, -0.0042791665, 0.19739638, 0.39479282, 0.7322617]]
[[0.46588326, -0.0999513, -0.091418855, -0.07557292, 0.18458404, 0.43669885], [-0.0999513, 0.9812958, -0.017107572, -0.014142251, 0.03454191, 0.0817211], [-0.091418855, -0.017107572, 0.9843528, -0.0129349865, 0.0315932, 0.07474491], [-0.07557292, -0.014142251, -0.0129349865, 0.98930705, 0.026117057, 0.061789118], [0.18458404, 0.03454191, 0.0315932, 0.026117057, 0.08778808, 0.20769377], [0.43669885, 0.0817211, 0.07474491, 0.061789118, 0.20769377, 0.49137303]]
[[0.9386716, -0.017158296, 0.14067641, 0.050278157, -0.18661715, 0.011384245], [-0.017158296, 0.9951997, 0.039357703, 0.014066594, -0.052210927, 0.003185022], [0.14067641, 0.039357703, 0.6510936, -0.1283051, 0.41447902, 0.13257803], [0.050278157, 0.014066594, -0.1283051, 0.95235944, 0.14626831, 0.06920025], [-0.18661715, -0.052210927, 0.41447902, 0.14626831, 0.42510787, 0.11684177], [0.011384245, 0.003185022, 0.13257803, 0.06920025, 0.11684177, 0.037568755]]
[[0.9121457, 0.022113515, -0.021093482, -0.005577352, -0.07060203, 0.27237108], [0.022113515, 0.35290366, 0.005309381, -0.18457444, 0.4315253, 0.08696925], [-0.021093482, 0.005309381, 0.9949356, -0.001339105, -0.016951289, 0.06539528], [-0.005577352, -0.18457444, -0.001339105, 0.94573116, 0.115464434, 0.062378004], [-0.07060203, 0.4315253, -0.016951289, 0.115464434, 0.67641187, 0.11857785], [0.27237108, 0.08696925, 0.06539528, 0.062378004, 0.11857785, 0.117871694]]
[[0.3832072, -0.097905666, -0.07565439, -0.07899206, 0.23869239, 0.39728668], [-0.097905666, 0.9844591, -0.012008879, -0.012538686, 0.037888464, 0.06306268], [-0.07565439, -0.012008879, 0.9907204, -0.009688985, 0.029277463, 0.048730273], [-0.07899206, -0.012538686, -0.009688985, 0.9898835, 0.03056911, 0.050880127], [0.23869239, 0.037888464, 0.029277463, 0.03056911, 0.17285782, 0.28770968], [0.39728668, 0.06306268, 0.048730273, 0.050880127, 0.28770968, 0.47887248]]
[[0.5075509, -0.1399333, -0.11736341, -0.10532613, 0.41183183, 0.18944263], [-0.1399333, 0.96023685, -0.033349738, -0.02992925, 0.117025286, 0.053831626], [-0.11736341, -0.033349738, 0.9720292, -0.025101945, 0.09815022, 0.045149103], [-0.10532613, -0.02992925, -0.025101945, 0.97747266, 0.08808355, 0.04051843], [0.41183183, 0.117025286, 0.09815022, 0.08808355, 0.48094302, 0.22123376], [0.18944263, 0.053831626, 0.045149103, 0.04051843, 0.22123376, 0.10176755]]
[[0.96001786, -0.059956167, -0.017265195, -0.017481368, -0.1253669, 0.13589649], [-0.059956167, 0.25490826, -0.17767176, -0.17799595, 0.23188807, 0.26327437], [-0.017265195, -0.17767176, 0.95738244, -0.042710893, 0.043135293, 0.07246425], [-0.017481368, -0.17799595, -0.042710893, 0.9571945, 0.042457454, 0.073199034], [-0.1253669, 0.23188807, 0.043135293, 0.042457454, 0.33780584, 0.3879959], [0.13589649, 0.26327437, 0.07246425, 0.073199034, 0.3879959, 0.53269035]]
[[0.9959914, -0.0006226554, -0.00047800783, 0.00442572, 0.054865543, -0.031018004], [-0.0006226554, 0.9999031, -7.444515e-5, 0.00068767247, 0.008525235, -0.0048197787], [-0.00047800783, -7.444515e-5, 0.999943, 0.00052790716, 0.0065426454, -0.0036988556], [0.00442572, 0.00068767247, 0.00052790716, 0.048749294, 0.103219695, 0.18893956], [0.054865543, 0.008525235, 0.0065426454, 0.103219695, 0.2207121, 0.3977666], [-0.031018004, -0.0048197787, -0.0036988556, 0.18893956, 0.3977666, 0.734701]]
[[0.89125496, -0.21256143, -0.08562918, -0.049083486, 0.031167274, 0.20254384], [-0.21256143, 0.56952786, -0.17259651, -0.09855199, 0.17668198, 0.3595343], [-0.08562918, -0.17259651, 0.9307551, -0.039558835, 0.06486491, 0.14681914], [-0.049083486, -0.09855199, -0.039558835, 0.977391, 0.03422919, 0.08508584], [0.031167274, 0.17668198, 0.06486491, 0.03422919, 0.09663511, 0.22300166], [0.20254384, 0.3595343, 0.14681914, 0.08508584, 0.22300166, 0.5344357]]
[[0.95733476, -0.0691432, -0.019571966, -0.019571967, -0.12519811, 0.14008525], [-0.0691432, 0.2525806, -0.17890878, -0.1789088, 0.22990718, 0.25909233], [-0.019571966, -0.17890878, 0.9569231, -0.043076813, 0.042831685, 0.0716913], [-0.019571967, -0.1789088, -0.043076813, 0.9569231, 0.04283169, 0.071691304], [-0.12519811, 0.22990718, 0.042831685, 0.04283169, 0.33780152, 0.389218], [0.14008525, 0.25909233, 0.0716913, 0.071691304, 0.389218, 0.5384373]]
[[0.90687203, -0.026588853, -0.025724001, -0.018920418, -0.03944119, 0.2849085], [-0.026588853, 0.9924088, -0.0073443335, -0.00540186, -0.011260597, 0.08134316], [-0.025724001, -0.0073443335, 0.32641017, -0.19843864, 0.41895393, 0.06519672], [-0.018920418, -0.00540186, -0.19843864, 0.9401442, 0.11659913, 0.053969443], [-0.03944119, -0.011260597, 0.41895393, 0.11659913, 0.70606583, 0.12937038], [0.2849085, 0.08134316, 0.06519672, 0.053969443, 0.12937038, 0.12809896]]
[[0.9928634, 0.068070024, 0.017320905, 0.008166827, -0.039055895, -0.023660805], [0.068070024, 0.34938335, -0.16557617, -0.07807964, 0.38956654, 0.19340916], [0.017320905, -0.16557617, 0.95786196, -0.01987091, 0.09940677, 0.0486865], [0.008166827, -0.07807964, -0.01987091, 0.99062943, 0.0470019, 0.022706628], [-0.039055895, 0.38956654, 0.09940677, 0.0470019, 0.56878453, 0.28264874], [-0.023660805, 0.19340916, 0.0486865, 0.022706628, 0.28264874, 0.14047703]]
[[0.99375576, -0.0017505246, -0.0022776201, -0.03680713, 0.069108896, -0.008134559], [-0.0017505246, 0.99950945, -0.0006383173, -0.010317424, 0.01937189, -0.0022802027], [-0.0022776201, -0.0006383173, 0.9991693, -0.013425142, 0.025206834, -0.002966985], [-0.03680713, -0.010317424, -0.013425142, 0.72689795, 0.40456107, 0.18222584], [0.069108896, 0.01937189, 0.025206834, 0.40456107, 0.23498407, 0.10153908], [-0.008134559, -0.0022802027, -0.002966985, 0.18222584, 0.10153908, 0.045683604]]
[[0.9541904, -0.07891672, -0.021975001, -0.021810018, -0.12521727, 0.14437808], [-0.07891672, 0.25016266, -0.180071, -0.17978683, 0.22762106, 0.25454512], [-0.021975001, -0.180071, 0.95651275, -0.04340807, 0.04263691, 0.07060756], [-0.021810018, -0.17978683, -0.04340807, 0.9566704, 0.04308784, 0.07008764], [-0.12521727, 0.22762106, 0.04263691, 0.04308784, 0.3375583, 0.39044523], [0.14437808, 0.25454512, 0.07060756, 0.07008764, 0.39044523, 0.54490495]]
[[0.99760586, -0.018814072, -0.005733885, -0.010599658, 0.03645911, 0.023660768], [-0.018814072, 0.8170773, -0.05455721, -0.102293134, 0.17005542, 0.32672426], [-0.005733885, -0.05455721, 0.9836955, -0.030530147, 0.055779967, 0.09479355], [-0.010599658, -0.102293134, -0.030530147, 0.94278276, 0.0983412, 0.18100858], [0.03645911, 0.17005542, 0.055779967, 0.0983412, 0.057890955, 0.107280344], [0.023660768, 0.32672426, 0.09479355, 0.18100858, 0.107280344, 0.20094748]]
[[0.76630914, -0.052054435, -0.08013644, -0.091780186, 0.16884801, 0.3647117], [-0.052054435, 0.9884049, -0.017850326, -0.020443954, 0.03761075, 0.081239216], [-0.08013644, -0.017850326, 0.9725199, -0.03147295, 0.05790075, 0.12506562], [-0.091780186, -0.020443954, -0.03147295, 0.9639541, 0.06631368, 0.14323758], [0.16884801, 0.03761075, 0.05790075, 0.06631368, 0.054506477, 0.117733985], [0.3647117, 0.081239216, 0.12506562, 0.14323758, 0.117733985, 0.2543054]]
[[0.27338922, -0.14829049, -0.08032402, -0.28576815, 0.08283959, 0.28579658], [-0.14829049, 0.96973604, -0.016392946, -0.058321044, 0.016906336, 0.058326848], [-0.08032402, -0.016392946, 0.99112046, -0.031590573, 0.009157594, 0.031593706], [-0.28576815, -0.058321044, -0.031590573, 0.88761044, 0.032579906, 0.11240071], [0.08283959, 0.016906336, 0.009157594, 0.032579906, 0.068059966, 0.23480687], [0.28579658, 0.058326848, 0.031593706, 0.11240071, 0.23480687, 0.8100836]]
[[0.6493365, -0.08789044, -0.11645472, 0.4370758, -0.079591505, -0.09509066], [-0.08789044, 0.9779713, -0.02918828, 0.1095487, -0.0199488, -0.023833524], [-0.11645472, -0.02918828, 0.9613255, 0.14515205, -0.026432186, -0.031579405], [0.4370758, 0.1095487, 0.14515205, 0.45458987, 0.11692419, 0.100803964], [-0.079591505, -0.0199488, -0.026432186, 0.11692419, 0.482249, 0.47810274], [-0.09509066, -0.023833524, -0.031579405, 0.100803964, 0.47810274, 0.47452813]]
[[0.34498534, -0.19672157, -0.1809839, -0.27344304, 0.086448416, 0.2688335], [-0.19672157, 0.9409182, -0.054355223, -0.08212358, 0.025963213, 0.08073926], [-0.1809839, -0.054355223, 0.94999325, -0.07555373, 0.023886137, 0.07428006], [-0.27344304, -0.08212358, -0.07555373, 0.88584816, 0.03608884, 0.11222753], [0.086448416, 0.025963213, 0.023886137, 0.03608884, 0.08230619, 0.25595218], [0.2688335, 0.08073926, 0.07428006, 0.11222753, 0.25595218, 0.7959489]]
[[0.34763792, 0.3426599, -0.19567141, 0.16895248, 0.15356259, 0.13768195], [0.3426599, 0.767883, 0.102778435, -0.12560645, -0.1175227, 0.14377396], [-0.19567141, 0.102778435, 0.94130963, 0.050676115, 0.046060044, 0.04129673], [0.16895248, -0.12560645, 0.050676115, 0.93017805, -0.06583615, 0.117143035], [0.15356259, -0.1175227, 0.046060044, -0.06583615, 0.93778646, 0.12039107], [0.13768195, 0.14377396, 0.04129673, 0.117143035, 0.12039107, 0.07520496]]
[[0.34482917, -0.19610563, -0.18422043, -0.27335936, 0.086242385, 0.26714107], [-0.19610563, 0.94130176, -0.055140816, -0.08182186, 0.025814058, 0.07996063], [-0.18422043, -0.055140816, 0.948201, -0.07686297, 0.024249576, 0.07511455], [-0.27335936, -0.08182186, -0.07686297, 0.8859453, 0.035983235, 0.11146027], [0.086242385, 0.025814058, 0.024249576, 0.035983235, 0.08303279, 0.25719914], [0.26714107, 0.07996063, 0.07511455, 0.11146027, 0.25719914, 0.79669005]]
[[0.99747217, -0.0006469316, -0.0008388907, -0.026596222, 0.041834217, 0.007906625], [-0.0006469316, 0.9998344, -0.00021502934, -0.0068098465, 0.010711344, 0.0020244075], [-0.0008388907, -0.00021502934, 0.9997214, -0.008827299, 0.0138851255, 0.0026242733], [-0.026596222, -0.0068098465, -0.008827299, 0.6439438, 0.34497425, 0.33081898], [0.041834217, 0.010711344, 0.0138851255, 0.34497425, 0.1885237, 0.17865504], [0.007906625, 0.0020244075, 0.0026242733, 0.33081898, 0.17865504, 0.17050394]]
[[0.7796091, -0.05666264, -0.07275201, -0.09583694, 0.2965613, 0.257258], [-0.05666264, 0.9854319, -0.018704714, -0.02463974, 0.07624623, 0.06614132], [-0.07275201, -0.018704714, 0.9759841, -0.03163623, 0.0978964, 0.08492218], [-0.09583694, -0.02463974, -0.03163623, 0.95832527, 0.12895963, 0.11186861], [0.2965613, 0.07624623, 0.0978964, 0.12895963, 0.17155398, 0.14881793], [0.257258, 0.06614132, 0.08492218, 0.11186861, 0.14881793, 0.12909508]]
[[0.9964414, -0.00093049835, -0.001169078, -0.02877431, 0.052108057, 0.0006279014], [-0.00093049835, 0.9997567, -0.00030602142, -0.0075267227, 0.013630201, 0.00016420567], [-0.001169078, -0.00030602142, 0.9996157, -0.009454042, 0.017120883, 0.00020633638], [-0.02877431, -0.0075267227, -0.009454042, 0.6425435, 0.34856054, 0.32743376], [0.052108057, 0.013630201, 0.017120883, 0.34856054, 0.194509, 0.17884807], [0.0006279014, 0.00016420567, 0.00020633638, 0.32743376, 0.17884807, 0.16713361]]
[[0.91955537, -0.01901979, -0.008354656, -0.19389004, -0.11197693, 0.15300019], [-0.01901979, 0.99550235, -0.001975011, -0.04584322, -0.026475742, 0.03617523], [-0.008354656, -0.001975011, 0.9991318, -0.020136666, -0.01162955, 0.015889972], [-0.19389004, -0.04584322, -0.020136666, 0.30508226, 0.14899482, 0.38692006], [-0.11197693, -0.026475742, -0.01162955, 0.14899482, 0.07317266, 0.17956592], [0.15300019, 0.03617523, 0.015889972, 0.38692006, 0.17956592, 0.70755374]]
